
PAGE 2 size=612.0x785.4
WORD (60.0, 106.0, 92.2, 118.0) 7.1.1
WORD (170.6, 281.1, 193.4, 291.6) 7.1).
WORD (204.2, 673.0, 233.6, 683.5) 7.1d).
WORD (95.0, 472.5, 126.6, 482.0) Figure
WORD (131.4, 472.5, 147.1, 482.0) 7.1
BANDS [(51.3, 87.3, 498.0, 533.0), (241.1, 488.0, 44.3, 500.6)]

PAGE 3 size=612.0x785.4
WORD (498.9, 134.7, 521.8, 145.2) 7.2).
WORD (373.7, 400.6, 395.3, 411.1) 7.3).
WORD (192.0, 632.8, 224.2, 644.8) 7.1.2
WORD (81.1, 238.7, 111.5, 248.2) Figure
WORD (116.0, 238.7, 131.3, 248.2) 7.2
WORD (123.4, 436.7, 155.1, 446.2) Figure
WORD (160.0, 436.7, 175.8, 446.2) 7.3
BANDS [(51.3, 87.3, 78.0, 113.0), (105.5, 217.2, 79.0, 327.6), (326.8, 415.4, 115.8, 262.8)]

PAGE 4 size=612.0x785.4
WORD (291.9, 449.1, 313.8, 459.6) 7.4).
WORD (99.3, 699.9, 122.2, 710.4) 7.5).
WORD (120.5, 256.5, 152.0, 266.0) Figure
WORD (156.4, 256.5, 172.2, 266.0) 7.4
WORD (355.9, 674.8, 388.1, 684.3) Figure
WORD (393.2, 674.8, 409.2, 684.3) 7.5
BANDS [(51.3, 242.5, 70.0, 533.0), (310.2, 456.0, 360.3, 531.6), (511.7, 654.7, 360.9, 531.3)]

PAGE 5 size=612.0x785.4
WORD (335.0, 176.7, 364.0, 187.2) 7.6a).
WORD (359.2, 260.7, 387.7, 271.2) 7.6b).
WORD (302.7, 400.6, 331.1, 411.1) 7.6c).
WORD (264.0, 459.8, 296.2, 471.8) 7.1.3
WORD (380.1, 663.2, 408.3, 673.7) 7.7a).
WORD (79.0, 453.7, 111.1, 463.2) Figure
WORD (116.2, 453.7, 132.2, 463.2) 7.6
BANDS [(51.3, 425.5, 68.5, 248.1)]

PAGE 6 size=612.0x785.4
WORD (178.6, 346.6, 207.5, 357.1) 7.7b).
WORD (248.8, 458.7, 278.0, 469.2) 7.7c).
WORD (61.9, 525.8, 94.1, 537.8) 7.1.4
WORD (226.6, 589.0, 248.7, 599.5) 7.8).
WORD (90.2, 298.9, 122.4, 308.4) Figure
WORD (127.5, 298.9, 143.5, 308.4) 7.7
WORD (330.5, 689.7, 362.6, 699.2) Figure
WORD (367.8, 689.7, 383.8, 699.2) 7.8
BANDS [(51.3, 87.3, 498.0, 533.0), (105.7, 282.3, 72.7, 472.5)]

PAGE 8 size=612.0x785.4
WORD (61.0, 194.1, 81.8, 207.1) 7.4
WORD (61.0, 345.6, 93.1, 357.6) 7.4.1
WORD (391.6, 408.8, 421.0, 419.3) 7.14).
WORD (250.1, 700.2, 281.5, 709.7) Figure
WORD (286.2, 700.2, 308.2, 709.7) 7.14
BANDS [(51.3, 87.3, 498.0, 533.0)]

PAGE 9 size=612.0x785.4
WORD (522.4, 133.7, 551.8, 144.2) 7.15).
WORD (308.2, 242.4, 343.0, 252.9) 7.15b).
WORD (119.3, 701.7, 150.8, 711.2) Figure
WORD (154.9, 701.7, 176.9, 711.2) 7.15
BANDS [(51.3, 87.3, 78.0, 113.0), (461.0, 685.7, 78.1, 551.6)]

PAGE 10 size=612.0x785.4
WORD (61.0, 106.0, 93.1, 118.0) 7.4.2
WORD (166.7, 155.1, 196.1, 165.6) 7.16).
WORD (160.5, 463.0, 190.5, 473.5) 7.17).
WORD (311.5, 371.4, 343.0, 380.9) Figure
WORD (347.8, 371.4, 369.8, 380.9) 7.16
WORD (298.1, 698.8, 329.5, 708.3) Figure
WORD (332.8, 698.8, 354.8, 708.3) 7.17
BANDS [(51.3, 87.3, 498.0, 533.0), (108.1, 355.3, 360.8, 513.3), (389.2, 691.5, 303.0, 434.8)]

PAGE 11 size=612.0x785.4
WORD (334.3, 437.8, 363.7, 448.3) 7.18).
BANDS [(51.3, 87.3, 78.0, 113.0)]

PAGE 12 size=612.0x785.4
WORD (130.6, 540.9, 162.0, 550.4) Figure
WORD (166.1, 540.9, 188.1, 550.4) 7.18
BANDS [(51.3, 535.9, 154.0, 533.0)]

PAGE 13 size=612.0x785.4
WORD (192.0, 102.9, 212.9, 115.9) 7.5
WORD (192.0, 324.4, 225.8, 336.4) 7.5.1
WORD (484.7, 413.3, 514.1, 423.8) 7.19).
WORD (298.1, 613.9, 330.2, 625.9) 7.5.2
WORD (506.1, 661.7, 535.4, 672.2) 7.20).
WORD (85.0, 598.5, 116.8, 608.0) Figure
WORD (121.3, 598.5, 143.5, 608.0) 7.19
BANDS [(51.3, 87.3, 78.0, 113.0), (471.9, 477.9, 208.1, 238.1)]

PAGE 14 size=612.0x785.4
WORD (92.9, 435.7, 125.2, 445.2) Figure
WORD (130.4, 435.7, 152.9, 445.2) 7.20
BANDS [(51.3, 87.3, 498.0, 533.0), (106.5, 417.1, 136.1, 456.0)]

PAGE 16 size=612.0x785.4
WORD (60.0, 522.3, 88.5, 532.8) 7.21),
WORD (147.1, 670.9, 176.1, 681.4) 7.22).
WORD (321.6, 697.1, 353.3, 706.6) Figure
WORD (358.2, 697.1, 380.3, 706.6) 7.22
WORD (327.1, 331.3, 358.8, 340.8) Figure
WORD (363.7, 331.3, 385.8, 340.8) 7.21
BANDS [(51.3, 87.3, 498.0, 533.0), (129.2, 176.2, 379.0, 403.9)]
