--- PAGE 2 WORDS IN BAND (570, 690) ---
(92.5, 612.6, 99.0, 621.6, 'R')
(101.9, 612.6, 108.6, 621.6, 'B')
(111.5, 612.6, 118.1, 621.6, 'C')
(152.9, 653.1, 190.0, 662.1, 'Platelets')
(202.5, 604.5, 249.3, 613.5, 'Eosinophil')
(262.9, 656.3, 301.4, 665.3, 'Basophil')
(305.7, 601.6, 352.6, 610.6, 'Neutrophil')
(365.9, 655.5, 407.9, 664.5, 'Monocyte')
(409.6, 605.8, 415.2, 614.8, 'T')
(418.1, 605.8, 468.3, 614.8, 'lymphocyte')
(453.0, 655.7, 459.6, 664.7, 'B')
(462.5, 655.7, 512.7, 664.7, 'lymphocyte')
DRAWINGS UNION 68.5 588.7 527.1 683.1
--- PAGE 6 WORDS IN BAND (380, 690) ---
(174.2, 378.7, 222.0, 389.2, 'ventricle.')
(227.2, 378.7, 246.2, 389.2, 'The')
(251.4, 378.7, 298.0, 389.2, 'openings')
(303.2, 378.7, 312.5, 389.2, 'of')
(317.7, 378.7, 334.2, 389.2, 'the')
(339.4, 378.7, 364.1, 389.2, 'right')
(369.3, 378.7, 389.0, 389.2, 'and')
(394.2, 378.7, 410.7, 389.2, 'the')
(415.9, 378.7, 432.1, 389.2, 'left')
(437.3, 378.7, 487.1, 389.2, 'ventricles')
(492.3, 378.7, 512.5, 389.2, 'into')
(517.7, 378.7, 534.2, 389.2, 'the')
DRAWINGS UNION 141.2 449.9 528.4 683.8
--- PAGE 9 WORDS IN BAND (95, 220) ---
(42.0, 105.8, 75.3, 116.4, 'Figure')
(80.1, 105.8, 109.9, 116.4, '15.3),')
(114.8, 105.8, 120.9, 116.4, 'a')
(125.8, 105.8, 162.4, 116.4, 'patient')
(167.3, 105.8, 176.0, 116.4, 'is')
(180.8, 105.8, 233.7, 116.4, 'connected')
(238.6, 105.8, 248.6, 116.4, 'to')
(253.4, 105.8, 270.0, 116.4, 'the')
(42.0, 118.8, 84.6, 129.3, 'machine')
(88.6, 118.8, 110.2, 129.3, 'with')
(112.1, 118.8, 137.6, 129.3, 'three')
(139.5, 118.8, 183.1, 129.3, 'electrical')
(185.0, 118.8, 210.7, 129.3, 'leads')
(212.6, 118.8, 233.3, 129.3, '(one')
(235.2, 118.8, 244.9, 129.3, 'to')
(246.7, 118.8, 270.0, 129.3, 'each')
(42.0, 131.8, 67.8, 142.3, 'wrist')
(70.5, 131.8, 90.3, 142.3, 'and')
(93.0, 131.8, 103.0, 142.3, 'to')
(105.6, 131.8, 122.3, 142.3, 'the')
(124.9, 131.8, 141.1, 142.3, 'left')
(143.8, 131.8, 175.5, 142.3, 'ankle)')
(178.2, 131.8, 199.5, 142.3, 'that')
(202.2, 131.8, 270.0, 142.3, 'continuously')
(42.0, 144.7, 84.0, 155.2, 'monitor')
(89.4, 144.7, 106.4, 155.2, 'the')
(111.8, 144.7, 140.0, 155.2, 'heart')
(145.4, 144.7, 187.6, 155.2, 'activity.')
(193.1, 144.7, 210.9, 155.2, 'For')
(216.3, 144.7, 222.5, 155.2, 'a')
(227.9, 144.7, 270.0, 155.2, 'detailed')
(42.0, 157.7, 96.2, 168.2, 'evaluation')
(100.7, 157.7, 110.0, 168.2, 'of')
(114.5, 157.7, 131.2, 168.2, 'the')
(135.6, 157.7, 171.0, 168.2, 'heart’s')
(175.5, 157.7, 222.5, 168.2, 'function,')
(226.9, 157.7, 270.0, 168.2, 'multiple')
(42.0, 170.6, 69.1, 181.2, 'leads')
(72.2, 170.6, 88.6, 181.2, 'are')
(91.7, 170.6, 136.9, 181.2, 'attached')
(140.0, 170.6, 150.0, 181.2, 'to')
(153.1, 170.6, 169.7, 181.2, 'the')
(172.8, 170.6, 200.5, 181.2, 'chest')
(203.6, 170.6, 239.2, 181.2, 'region.')
(242.3, 170.6, 270.0, 181.2, 'Here,')
(42.0, 183.8, 55.8, 194.4, 'we')
(58.3, 183.8, 76.1, 194.4, 'will')
(78.6, 183.8, 98.5, 194.4, 'talk')
(101.0, 183.8, 122.8, 194.4, 'only')
(125.3, 183.8, 155.2, 194.4, 'about')
(157.7, 183.8, 163.9, 194.4, 'a')
(166.4, 183.8, 213.0, 194.4, 'standard')
(215.5, 183.8, 242.9, 194.4, 'ECG.')
(60.0, 196.8, 86.5, 207.3, 'Each')
(89.2, 196.8, 114.1, 207.3, 'peak')
(116.8, 196.8, 127.1, 207.3, 'in')
(129.8, 196.8, 146.4, 207.3, 'the')
(149.1, 196.8, 173.3, 207.3, 'ECG')
(176.0, 196.8, 184.7, 207.3, 'is')
(187.4, 196.8, 235.8, 207.3, 'identified')
(238.5, 196.8, 261.1, 207.3, 'with')
(263.8, 196.8, 270.0, 207.3, 'a')
(42.0, 209.8, 68.1, 220.3, 'letter')
(70.3, 209.8, 93.8, 220.3, 'from')
(96.0, 209.8, 102.6, 220.3, 'P')
(104.7, 209.8, 114.6, 220.3, 'to')
(116.7, 209.8, 123.3, 220.3, 'T')
(125.5, 209.8, 146.3, 220.3, 'that')
(148.4, 209.8, 210.3, 220.3, 'corresponds')
(212.4, 209.8, 222.3, 220.3, 'to')
(224.4, 209.8, 230.6, 220.3, 'a')
(232.8, 209.8, 270.0, 220.3, 'specific')
(282.0, 213.2, 313.9, 222.7, 'Figure')
(318.6, 213.2, 340.8, 222.7, '15.3')
(345.1, 213.2, 411.7, 222.7, 'Diagrammatic')
(416.0, 213.2, 475.3, 222.7, 'presentation')
(479.6, 213.2, 488.1, 222.7, 'of')
(492.4, 213.2, 498.0, 222.7, 'a')
DRAWINGS UNION 282.6 105.8 515.5 206.5
--- PAGE 10 WORDS IN BAND (165, 415) ---
(136.8, 412.4, 168.7, 421.9, 'Figure')
(173.6, 412.4, 195.8, 421.9, '15.4')
(200.1, 412.4, 248.3, 421.9, 'Schematic')
(252.8, 412.4, 273.3, 421.9, 'plan')
(277.8, 412.4, 286.2, 421.9, 'of')
(290.7, 412.4, 315.9, 421.9, 'blood')
(320.4, 412.4, 370.2, 421.9, 'circulation')
(374.7, 412.4, 383.8, 421.9, 'in')
(388.3, 412.4, 421.7, 421.9, 'human')
DRAWINGS UNION 136.8 178.3 465.6 404.1
