--- p2 words near figure bands ---
95.0 455.6 127.2 465.1 'Figure'
132.3 455.6 148.3 465.1 '6.1'
155.0 455.6 220.6 465.1 'Diagrammatic'
224.1 455.6 294.6 465.1 'representation:'
298.1 455.6 309.3 465.1 '(a)'
312.9 455.6 350.3 465.1 'stomata'
353.8 455.6 373.9 465.1 'with'
377.5 455.6 437.3 465.1 'bean-shaped'
440.8 455.6 468.0 465.1 'guard'
471.5 455.6 492.0 465.1 'cells'
155.0 467.1 166.6 476.6 '(b)'
171.0 467.1 208.4 476.6 'stomata'
212.7 467.1 232.9 476.6 'with'
237.2 467.1 284.7 476.6 'dumb-bell'
289.1 467.1 322.5 476.6 'shaped'
326.9 467.1 354.0 476.6 'guard'
358.4 467.1 373.9 476.6 'cell'
260.4 347.1 309.0 356.6 'Epidermal'
313.7 347.1 334.6 356.6 'cells'
259.9 366.0 311.2 375.5 'Subsidiary'
316.1 366.0 337.2 375.5 'cells'
264.7 400.4 294.6 409.9 'Guard'
299.4 400.4 320.2 409.9 'cells'
263.8 418.4 307.2 427.9 'Stomatal'
275.0 429.9 295.9 439.4 'pore'
260.4 384.0 316.6 393.5 'Chloroplast'
--- p3 words near figure bands ---
487.9 65.2 502.3 76.2 '73'
323.4 495.5 339.4 505.0 '6.2'
348.0 495.4 383.3 504.9 'Various'
387.3 495.4 411.8 504.9 'types'
415.9 495.4 424.2 504.9 'of'
428.3 495.4 467.6 504.9 'vascular'
471.7 495.4 508.9 504.9 'bundles'
513.0 495.4 516.0 504.9 ':'
348.0 506.9 360.7 516.4 '(a)'
368.1 506.9 398.7 516.4 'radial'
412.7 506.9 425.8 516.4 '(b)'
433.2 506.9 476.0 516.4 'conjoint'
483.3 506.9 516.0 516.4 'closed'
348.0 518.2 358.6 527.7 '(c)'
363.2 518.2 400.5 527.7 'conjoint'
405.1 518.2 427.5 527.7 'open'
--- p4 words near figure bands ---
69.1 65.2 83.5 76.2 '74'
258.5 112.7 278.5 121.7 'Root'
282.7 112.7 300.5 121.7 'hair'
259.9 125.7 304.1 134.7 'Epidermis'
260.2 160.7 289.4 169.7 'Cortex'
257.0 211.6 309.6 220.6 'Endodermis'
259.0 235.6 307.7 244.6 'Protoxylem'
258.5 252.7 305.8 261.7 'Metaxylem'
259.4 272.8 277.4 281.8 'Pith'
259.2 287.7 291.4 296.7 'Phloem'
165.4 310.5 176.6 319.5 '(a)'
258.0 222.7 295.4 231.7 'Pericycle'
256.8 333.5 276.8 342.5 'Root'
281.0 333.5 298.8 342.5 'hair'
257.0 399.3 286.3 408.3 'Cortex'
258.0 413.5 310.6 422.5 'Endodermis'
260.2 449.5 292.3 458.5 'Phloem'
261.1 464.3 309.8 473.3 'Protoxylem'
256.1 496.5 274.1 505.5 'Pith'
244.1 516.4 290.6 525.4 'Metaxylem'
171.4 543.3 182.6 552.3 '(b)'
263.0 356.6 307.2 365.6 'Epidermis'
258.0 431.5 295.4 440.5 'Pericycle'
99.1 562.4 131.2 571.9 'Figure'
136.4 562.4 152.4 571.9 '6.3'
165.1 562.4 183.7 571.9 'T.S.'
188.5 562.4 191.6 571.9 ':'
196.4 562.4 207.8 571.9 '(a)'
212.6 562.4 237.4 571.9 'Dicot'
242.2 562.4 261.0 571.9 'root'
265.8 562.4 309.1 571.9 '(Primary)'
165.1 573.9 176.7 583.4 '(b)'
180.6 573.9 220.1 583.4 'Monocot'
224.0 573.9 242.4 583.4 'root'
--- p5 words near figure bands ---
42.0 150.5 106.3 161.0 'hypodermis,'
108.2 150.5 147.8 161.0 'consists'
149.7 150.5 158.6 161.0 'of'
160.5 150.5 166.6 161.0 'a'
168.5 150.5 184.8 161.0 'few'
186.7 150.5 215.6 161.0 'layers'
217.5 150.5 226.4 161.0 'of'
228.3 150.5 310.3 161.0 'collenchymatous'
312.2 150.5 333.6 161.0 'cells'
335.5 150.5 354.3 161.0 'just'
356.2 150.5 384.1 161.0 'below'
386.0 150.5 401.8 161.0 'the'
42.0 164.4 93.6 174.9 'epidermis,'
95.7 164.4 125.4 174.9 'which'
127.5 164.4 163.8 174.9 'provide'
165.9 164.4 222.5 174.9 'mechanical'
224.6 164.4 266.1 174.9 'strength'
268.2 164.4 277.8 174.9 'to'
279.9 164.4 295.9 174.9 'the'
297.9 164.4 328.4 174.9 'young'
330.4 164.4 357.7 174.9 'stem.'
359.8 164.5 401.8 175.0 'Cortical'
42.0 178.4 74.1 188.9 'layers'
76.8 178.3 105.1 188.8 'below'
107.6 178.3 165.8 188.8 'hypodermis'
168.3 178.3 203.3 188.8 'consist'
205.8 178.3 214.8 188.8 'of'
217.3 178.3 259.1 188.8 'rounded'
261.6 178.3 281.9 188.8 'thin'
284.4 178.3 315.9 188.8 'walled'
318.4 178.3 401.8 188.8 'parenchymatous'
42.0 192.5 63.2 203.0 'cells'
65.0 192.5 86.2 203.0 'with'
88.0 192.5 148.8 203.0 'conspicuous'
150.6 192.5 208.6 203.0 'intercellular'
210.3 192.5 246.0 203.0 'spaces.'
247.7 192.5 265.9 203.0 'The'
267.7 192.5 317.1 203.0 'innermost'
318.9 192.5 342.4 203.0 'layer'
344.2 192.5 353.1 203.0 'of'
354.9 192.5 370.5 203.0 'the'
372.3 192.5 401.8 203.0 'cortex'
42.0 206.4 50.4 216.9 'is'
53.8 206.4 82.6 216.9 'called'
86.0 206.4 102.0 216.9 'the'
105.4 206.5 171.1 217.0 'endodermis.'
174.5 206.4 193.0 216.9 'The'
196.4 206.4 218.2 216.9 'cells'
221.7 206.4 230.7 216.9 'of'
234.1 206.4 250.1 216.9 'the'
253.5 206.4 311.4 216.9 'endodermis'
314.9 206.4 330.6 216.9 'are'
334.0 206.4 353.6 216.9 'rich'
357.0 206.4 366.8 216.9 'in'
370.3 206.4 401.8 216.9 'starch'
42.0 220.3 72.9 230.8 'grains'
75.6 220.3 94.7 230.8 'and'
97.4 220.3 113.4 230.8 'the'
116.1 220.3 140.3 230.8 'layer'
143.0 220.3 151.4 230.8 'is'
154.1 220.3 174.1 230.8 'also'
176.8 220.3 215.4 230.8 'referred'
218.2 220.3 227.8 230.8 'to'
230.5 220.3 241.9 230.8 'as'
244.6 220.3 260.6 230.8 'the'
263.3 220.4 297.3 230.9 'starch'
300.5 220.4 340.3 230.9 'sheath.'
343.2 220.4 390.6 230.9 'Pericycle'
393.4 220.3 401.8 230.8 'is'
--- p6 words near figure bands ---
75.6 699.9 107.5 709.4 'Figure'
111.5 699.9 127.4 709.4 '6.5'
134.8 699.9 153.1 709.4 'T.S.'
156.6 699.9 165.0 709.4 'of'
168.6 699.9 184.9 709.4 'leaf'
188.5 699.9 191.5 709.4 ':'
195.1 699.9 206.3 709.4 '(a)'
209.8 699.9 234.2 709.4 'Dicot'
241.3 699.9 252.9 709.4 '(b)'
256.4 699.9 295.9 709.4 'Monocot'
174.0 203.5 207.3 214.0 'spaces'
209.4 203.5 239.1 214.0 'which'
241.2 203.5 276.2 214.0 'occupy'
278.3 203.5 294.2 214.0 'the'
296.3 203.5 330.6 214.0 'central'
174.0 228.4 206.4 240.4 '6.2.4'
218.6 228.4 336.4 240.4 'Monocotyledonous'
174.0 249.4 192.8 259.9 'The'
195.2 249.4 238.9 259.9 'monocot'
241.3 249.4 265.9 259.9 'stem'
268.4 249.4 286.8 259.9 'has'
289.2 249.4 295.3 259.9 'a'
297.7 249.4 390.1 259.9 'sclerenchymatous'
174.0 263.5 183.2 274.0 'of'
185.8 263.5 232.8 274.0 'scattered'
235.3 263.5 278.8 274.0 'vascular'
281.3 263.5 325.8 274.0 'bundles,'
