
=== PAGE 4 571.7x780.5 ===
WORD 470.0572814941406 244.33421325683594 502.51727294921875 254.83421325683594 Figure
WORD 95.27996826171875 586.410888671875 127.12845611572266 595.910888671875 Figure
DRAWINGS (bounded candidates):
003 57.8 48.8 92.8 84.8 w=35.0 h=36.0

=== PAGE 5 571.7x780.5 ===
WORD 176.92092895507812 325.9346008300781 208.95742797851562 336.4346008300781 Figure
WORD 288.7200012207031 652.6519165039062 321.008544921875 662.1519165039062 Figure
DRAWINGS (bounded candidates):
002 477.8 48.8 512.8 84.8 w=35.0 h=36.0
009 281.7 396.1 512.8 642.6 w=231.2 h=246.5
010 281.7 396.1 512.8 642.6 w=231.2 h=246.5
011 321.5 406.2 328.5 413.0 w=7.0 h=6.8
012 328.9 406.0 331.4 412.8 w=2.5 h=6.8
013 331.8 408.2 337.8 412.9 w=6.0 h=4.7
014 338.4 408.1 342.8 412.9 w=4.4 h=4.8
015 343.3 408.1 348.0 412.9 w=4.6 h=4.8
016 348.7 408.1 352.9 412.9 w=4.2 h=4.8
017 353.6 408.1 357.9 412.9 w=4.3 h=4.8
018 304.1 459.3 311.0 466.1 w=7.0 h=6.8
019 311.4 459.1 314.0 465.9 w=2.5 h=6.8
020 313.9 461.3 319.3 468.2 w=5.4 h=6.8
021 319.6 461.2 324.0 466.0 w=4.4 h=4.8
022 324.5 461.2 328.9 466.0 w=4.3 h=4.8
023 329.3 461.2 333.4 465.9 w=4.1 h=4.7
024 333.6 461.2 338.9 466.0 w=5.2 h=4.8
025 339.0 459.1 341.5 465.9 w=2.5 h=6.8
026 342.0 459.1 347.3 466.0 w=5.3 h=6.9
027 347.9 461.2 352.2 466.0 w=4.3 h=4.8
028 352.7 459.1 358.6 465.9 w=5.9 h=6.8
029 358.5 461.3 364.0 468.2 w=5.4 h=6.8
030 364.2 459.1 369.5 466.0 w=5.3 h=6.9
031 370.1 461.2 374.5 466.0 w=4.3 h=4.8
032 310.4 470.5 315.5 477.3 w=5.1 h=6.8
033 316.4 474.4 319.2 474.9 w=2.8 h=0.6
034 320.0 470.7 325.5 477.1 w=5.5 h=6.5
035 325.8 470.3 331.7 477.1 w=5.9 h=6.8
036 332.2 472.4 336.9 477.2 w=4.6 h=4.8
037 337.6 472.4 341.8 477.2 w=4.2 h=4.8
038 342.3 472.4 347.7 479.3 w=5.3 h=6.9
039 348.2 470.3 354.1 477.1 w=5.9 h=6.8
040 354.6 472.4 359.9 477.2 w=5.2 h=4.8
041 360.0 470.8 363.5 477.2 w=3.5 h=6.4
042 363.8 472.4 368.1 477.2 w=4.3 h=4.8
043 295.1 542.4 300.2 549.2 w=5.1 h=6.8
044 301.1 546.3 303.9 546.8 w=2.9 h=0.6
045 304.7 542.6 310.2 549.0 w=5.5 h=6.5
046 310.5 542.2 316.4 549.0 w=5.9 h=6.8
047 316.9 544.3 321.6 549.1 w=4.6 h=4.8
048 322.3 544.3 326.5 549.1 w=4.2 h=4.8
049 327.0 544.3 332.4 551.2 w=5.3 h=6.9
050 332.9 542.2 338.8 549.0 w=5.9 h=6.8
051 339.4 544.3 344.0 549.1 w=4.6 h=4.8
052 344.5 543.7 349.5 551.4 w=5.0 h=7.7
053 349.6 542.2 352.2 549.0 w=2.5 h=6.8
054 352.1 544.4 357.5 551.3 w=5.4 h=6.8
055 357.8 544.3 362.2 549.1 w=4.4 h=4.8
056 362.7 544.3 367.1 549.1 w=4.3 h=4.8
057 367.5 544.3 371.6 549.0 w=4.1 h=4.7
058 371.7 542.8 374.2 549.0 w=2.5 h=6.2
059 374.7 544.3 379.1 549.1 w=4.4 h=4.8
060 327.7 555.5 333.0 560.3 w=5.2 h=4.8
061 333.3 555.6 337.7 560.3 w=4.4 h=4.8
062 338.1 554.0 340.6 560.3 w=2.5 h=6.2
063 341.1 553.4 346.3 560.3 w=5.3 h=6.9
064 372.3 492.7 378.9 499.2 w=6.6 h=6.5
065 378.7 492.7 385.8 499.2 w=7.1 h=6.5
066 385.8 492.7 392.7 499.2 w=6.9 h=6.5
067 393.4 492.0 395.8 494.4 w=2.4 h=2.4
068 373.5 530.8 380.1 537.3 w=6.6 h=6.5
069 379.9 530.8 387.0 537.3 w=7.1 h=6.5
070 387.0 530.8 393.9 537.3 w=6.9 h=6.5
071 394.6 530.8 401.6 537.3 w=7.0 h=6.5
072 402.4 532.4 407.2 537.2 w=4.8 h=4.8
073 407.9 530.8 414.9 537.3 w=7.0 h=6.5
074 415.5 530.1 417.8 532.5 w=2.4 h=2.4
075 425.0 466.2 430.7 472.7 w=5.7 h=6.5
076 430.7 468.0 436.0 472.8 w=5.2 h=4.8
077 436.3 468.0 440.7 472.8 w=4.4 h=4.8
078 441.1 466.4 444.5 472.8 w=3.5 h=6.4
079 444.7 466.5 447.2 472.7 w=2.5 h=6.2
080 447.7 468.0 452.1 472.8 w=4.4 h=4.8
081 425.0 479.2 430.3 484.0 w=5.2 h=4.8
082 430.6 479.2 435.0 484.0 w=4.4 h=4.8
083 435.4 477.7 437.9 483.9 w=2.5 h=6.2
084 438.4 477.1 443.6 484.0 w=5.3 h=6.9
085 422.3 555.2 427.8 561.7 w=5.5 h=6.5
086 427.6 557.1 433.1 563.9 w=5.4 h=6.8
087 433.2 557.0 437.2 561.7 w=4.1 h=4.7
088 437.4 557.1 443.4 561.8 w=6.0 h=4.7
089 443.4 557.1 448.7 561.7 w=5.3 h=4.6
090 448.8 555.5 451.3 561.7 w=2.5 h=6.2
091 451.8 557.0 456.2 561.8 w=4.4 h=4.8
092 429.9 568.2 435.2 573.0 w=5.2 h=4.8
093 435.4 568.2 439.8 573.0 w=4.4 h=4.8
094 440.2 566.7 442.8 572.9 w=2.5 h=6.2
095 443.2 566.1 448.5 573.0 w=5.3 h=6.9
096 305.8 609.2 311.4 615.6 w=5.5 h=6.5
097 311.6 608.8 317.5 615.6 w=5.9 h=6.8
098 318.1 611.0 322.7 615.7 w=4.6 h=4.8
099 323.4 611.0 327.7 615.7 w=4.2 h=4.8
100 328.2 611.0 333.5 617.8 w=5.4 h=6.9
101 334.0 608.8 340.0 615.6 w=5.9 h=6.8
102 340.5 611.0 345.1 615.7 w=4.6 h=4.8
103 345.8 610.9 350.1 615.7 w=4.3 h=4.8
104 350.6 611.0 356.6 615.6 w=6.0 h=4.7
105 357.0 611.0 361.7 615.7 w=4.6 h=4.8
106 362.2 608.8 364.7 615.6 w=2.5 h=6.8
107 307.2 620.4 312.7 626.9 w=5.5 h=6.5
108 312.5 622.3 318.0 629.1 w=5.4 h=6.8
109 318.1 622.2 322.1 626.9 w=4.1 h=4.7
110 322.3 622.3 328.3 626.9 w=6.0 h=4.7
111 328.3 622.3 333.6 626.9 w=5.3 h=4.6
112 333.7 620.6 336.2 626.9 w=2.5 h=6.2
113 336.7 622.2 341.1 626.9 w=4.4 h=4.8
114 344.6 622.2 349.9 626.9 w=5.2 h=4.8
115 350.2 622.2 354.5 626.9 w=4.4 h=4.8
116 354.9 620.6 357.5 626.9 w=2.5 h=6.2
117 358.0 620.0 363.2 626.9 w=5.3 h=6.9
118 336.0 416.1 345.7 433.9 w=9.7 h=17.8
119 337.7 414.8 344.3 416.6 w=6.6 h=1.9
120 337.7 414.8 344.3 416.6 w=6.6 h=1.9
121 332.6 564.1 342.3 581.8 w=9.7 h=17.7
122 334.3 562.8 340.9 564.7 w=6.6 h=1.9
123 334.3 562.8 340.9 564.7 w=6.6 h=1.9
124 335.6 437.7 345.3 455.5 w=9.7 h=17.8
125 337.3 436.4 343.8 438.3 w=6.6 h=1.9
126 337.3 436.4 343.8 438.3 w=6.6 h=1.9
127 332.2 587.5 341.9 605.2 w=9.7 h=17.7
128 333.9 584.4 340.5 586.2 w=6.6 h=1.9
129 333.9 584.4 340.5 586.2 w=6.6 h=1.9
131 337.2 528.9 343.4 535.1 w=6.2 h=6.2
132 334.2 496.4 361.5 531.4 w=27.3 h=35.0
133 360.5 528.7 365.8 533.8 w=5.3 h=5.1
134 441.2 575.7 457.8 604.2 w=16.7 h=28.4
135 456.9 601.5 462.1 606.6 w=5.2 h=5.2
136 434.9 499.7 451.6 527.1 w=16.7 h=27.4
137 445.3 497.6 450.7 502.2 w=5.5 h=4.6
138 370.4 565.3 421.9 611.3 w=51.5 h=46.0
139 373.4 565.4 421.9 615.6 w=48.5 h=50.2
140 422.9 615.2 429.3 621.6 w=6.4 h=6.5
141 429.6 615.3 433.1 621.7 w=3.5 h=6.4
142 433.2 614.8 439.2 621.6 w=5.9 h=6.8
143 439.7 616.9 444.9 621.7 w=5.2 h=4.8
144 445.0 616.9 451.0 621.6 w=6.0 h=4.7
145 451.5 616.9 456.1 621.7 w=4.6 h=4.8
146 456.6 614.8 459.1 621.6 w=2.5 h=6.8
147 459.8 616.8 464.6 621.6 w=4.8 h=4.8
148 465.4 615.0 471.7 621.8 w=6.3 h=6.8
149 472.4 615.0 479.2 621.8 w=6.8 h=6.8
150 479.8 620.2 482.3 623.5 w=2.5 h=3.3
152 435.2 489.2 441.4 495.3 w=6.2 h=6.2
153 435.5 575.4 439.0 586.3 w=3.5 h=10.8
154 435.9 585.0 441.8 591.8 w=5.9 h=6.8
155 467.9 601.6 474.5 608.1 w=6.6 h=6.5
156 474.3 601.6 481.4 608.1 w=7.1 h=6.5
157 481.4 601.6 488.3 608.1 w=6.8 h=6.5
158 489.0 600.9 491.4 603.3 w=2.4 h=2.4
159 452.3 495.0 458.9 501.5 w=6.6 h=6.5
160 458.8 495.0 465.9 501.5 w=7.1 h=6.5
161 465.9 495.0 472.7 501.5 w=6.9 h=6.5
162 473.4 494.3 475.8 496.7 w=2.4 h=2.4
163 455.7 571.8 462.3 578.3 w=6.6 h=6.5
164 462.1 571.8 469.3 578.3 w=7.1 h=6.5
165 469.2 571.8 476.1 578.3 w=6.9 h=6.5
166 476.8 571.8 483.8 578.3 w=7.0 h=6.5
167 484.6 573.4 489.4 578.2 w=4.8 h=4.8
168 490.1 571.8 497.1 578.3 w=7.0 h=6.5
169 497.7 571.1 500.1 573.5 w=2.4 h=2.4
170 452.8 523.9 459.4 530.3 w=6.6 h=6.5
171 459.2 523.9 466.3 530.3 w=7.1 h=6.5
172 466.3 523.9 473.2 530.3 w=6.9 h=6.5
173 473.9 523.9 480.9 530.3 w=7.0 h=6.5
174 481.7 525.5 486.5 530.3 w=4.8 h=4.8
175 487.2 523.9 494.2 530.3 w=7.0 h=6.5
176 494.8 523.1 497.2 525.5 w=2.4 h=2.4
177 441.6 595.0 445.9 608.5 w=4.3 h=13.5
178 442.9 607.3 448.7 614.1 w=5.9 h=6.8

=== PAGE 7 571.7x780.5 ===
WORD 285.74505615234375 683.2828979492188 322.2109680175781 693.8983764648438 (Figure
WORD 306.4800109863281 346.8798828125 338.37652587890625 356.3798828125 Figure
DRAWINGS (bounded candidates):
002 477.8 48.8 512.8 84.8 w=35.0 h=36.0
009 40.7 395.8 513.8 440.8 w=473.1 h=45.0
011 385.5 122.5 402.8 137.4 w=17.3 h=14.9
012 402.0 133.5 409.3 141.3 w=7.3 h=7.9
013 390.2 141.5 405.8 148.8 w=15.6 h=7.2
014 405.0 144.8 412.3 152.7 w=7.3 h=7.9
015 369.7 123.7 384.3 132.8 w=14.6 h=9.1
016 380.8 130.0 388.2 138.0 w=7.4 h=8.1
017 327.6 208.0 458.5 309.2 w=130.9 h=101.3
018 324.3 280.1 343.2 298.5 w=18.9 h=18.5
019 320.5 282.0 324.7 285.8 w=4.2 h=3.8
020 447.3 219.4 466.5 235.4 w=19.3 h=16.0
021 466.4 232.4 470.4 236.3 w=4.0 h=3.9
022 441.1 274.6 462.4 292.5 w=21.3 h=18.0
023 459.2 290.6 463.4 294.5 w=4.2 h=3.8
024 422.9 292.2 446.5 313.1 w=23.6 h=21.0
025 438.1 311.4 442.5 315.1 w=4.4 h=3.7
026 440.4 208.7 458.9 215.1 w=18.5 h=6.4
027 458.4 211.7 462.6 215.6 w=4.2 h=3.8

=== PAGE 8 571.7x780.5 ===
WORD 77.27999877929688 545.1932373046875 109.1915054321289 554.6932373046875 Figure
DRAWINGS (bounded candidates):
003 57.8 48.8 92.8 84.8 w=35.0 h=36.0

=== PAGE 9 571.7x780.5 ===
WORD 77.03999328613281 150.0019989013672 111.98328399658203 160.6175079345703 (Figure
WORD 289.4400634765625 303.7037658691406 321.3465881347656 313.2037658691406 Figure
DRAWINGS (bounded candidates):
002 477.8 48.8 512.8 84.8 w=35.0 h=36.0

=== PAGE 11 571.7x780.5 ===
WORD 70.32000732421875 468.3318786621094 102.60851287841797 477.8318786621094 Figure
DRAWINGS (bounded candidates):
002 477.8 48.8 512.8 84.8 w=35.0 h=36.0
009 127.7 591.0 312.8 630.0 w=185.1 h=39.0
011 47.2 102.4 506.2 456.3 w=459.0 h=353.9
012 47.2 102.4 506.2 456.3 w=459.0 h=353.9
013 147.5 149.3 154.1 156.5 w=6.5 h=7.2
014 154.3 151.3 160.1 156.6 w=5.8 h=5.3
015 160.2 149.5 164.1 156.6 w=3.9 h=7.1
016 164.4 151.3 169.1 156.6 w=4.7 h=5.3
017 264.2 149.2 271.1 156.7 w=6.9 h=7.5
018 271.8 151.4 277.6 156.6 w=5.8 h=5.3
019 277.8 151.4 282.3 156.5 w=4.5 h=5.2
020 282.2 149.0 288.3 156.6 w=6.1 h=7.6
021 289.1 151.4 294.2 156.6 w=5.1 h=5.3
022 294.8 149.0 301.3 156.5 w=6.5 h=7.5
023 301.3 151.5 307.3 159.0 w=6.0 h=7.6
024 307.6 149.0 313.4 156.6 w=5.8 h=7.6
025 313.9 151.4 318.4 156.5 w=4.5 h=5.2
026 318.7 151.4 324.5 156.6 w=5.8 h=5.3
027 324.6 149.5 328.5 156.6 w=3.9 h=7.1
028 328.8 151.4 333.6 156.6 w=4.8 h=5.3
029 334.3 151.4 339.0 156.6 w=4.7 h=5.3
030 263.8 183.2 270.2 190.7 w=6.4 h=7.5
031 270.7 183.7 273.5 190.5 w=2.8 h=6.9
032 273.8 185.4 283.3 190.5 w=9.6 h=5.2
033 283.7 185.4 289.6 192.9 w=5.9 h=7.6
034 290.2 183.0 293.0 190.5 w=2.8 h=7.5
035 293.5 185.4 298.3 190.6 w=4.8 h=5.3
036 302.4 185.4 307.1 190.6 w=4.7 h=5.3
037 307.6 185.5 314.3 190.6 w=6.6 h=5.2
038 314.7 184.6 320.2 193.1 w=5.5 h=8.5
039 320.6 185.4 326.4 190.6 w=5.8 h=5.3
040 326.5 185.4 331.0 190.5 w=4.5 h=5.2
041 331.3 185.4 336.0 190.6 w=4.7 h=5.3
042 269.3 197.5 274.0 202.8 w=4.8 h=5.3
043 275.3 201.4 276.6 202.8 w=1.3 h=1.4
044 277.9 196.8 283.4 205.3 w=5.5 h=8.5
045 284.3 201.4 285.7 202.8 w=1.3 h=1.4
046 290.5 195.4 298.2 202.9 w=7.7 h=7.5
047 298.7 195.2 301.5 202.7 w=2.8 h=7.5
048 301.8 197.6 308.5 202.8 w=6.6 h=5.2
049 309.2 197.5 314.0 202.8 w=4.8 h=5.3
050 314.6 197.5 319.8 202.8 w=5.1 h=5.3
051 320.5 197.5 325.2 202.8 w=4.7 h=5.3
052 326.0 197.5 330.7 202.8 w=4.8 h=5.3
053 419.4 183.5 427.3 190.6 w=7.9 h=7.1
054 427.1 185.4 436.7 190.6 w=9.6 h=5.2
055 437.0 183.8 439.9 190.6 w=2.8 h=6.9
056 440.2 185.4 446.8 190.6 w=6.6 h=5.2
057 447.3 185.4 452.4 190.7 w=5.1 h=5.3
058 456.5 185.4 462.3 190.7 w=5.8 h=5.3
059 462.6 185.4 467.5 190.7 w=4.8 h=5.3
060 467.9 183.8 470.7 190.6 w=2.8 h=6.9
061 471.2 183.1 477.1 190.7 w=5.8 h=7.6
062 477.8 185.4 482.5 190.7 w=4.7 h=5.3
063 245.7 220.4 253.4 227.9 w=7.7 h=7.5
064 253.9 220.2 256.7 227.7 w=2.8 h=7.5
065 257.0 222.6 263.7 227.8 w=6.6 h=5.2
066 264.4 222.5 269.2 227.8 w=4.8 h=5.3
067 269.8 222.5 275.0 227.8 w=5.1 h=5.3
068 275.7 222.5 280.4 227.8 w=4.7 h=5.3
069 281.2 222.5 285.9 227.8 w=4.8 h=5.3
070 290.1 220.4 295.8 227.9 w=5.7 h=7.5
071 296.6 224.6 299.8 225.2 w=3.2 h=0.6
072 300.5 222.5 306.4 230.1 w=5.9 h=7.6
073 307.0 220.2 313.6 227.7 w=6.5 h=7.5
074 314.1 222.5 319.3 227.8 w=5.1 h=5.3
075 320.0 222.5 324.7 227.8 w=4.7 h=5.3
076 325.3 222.5 331.2 230.1 w=5.9 h=7.6
077 331.8 220.2 338.4 227.7 w=6.5 h=7.5
078 338.9 222.5 344.7 227.8 w=5.8 h=5.3
079 344.8 220.7 348.7 227.8 w=3.9 h=7.1
080 349.0 222.5 353.8 227.8 w=4.8 h=5.3
081 314.7 352.8 320.8 360.0 w=6.1 h=7.1
082 320.6 354.9 326.6 362.5 w=6.0 h=7.6
083 326.7 354.8 331.2 360.0 w=4.5 h=5.2
084 331.4 354.9 338.0 360.1 w=6.6 h=5.2
085 338.0 354.9 343.9 360.0 w=5.9 h=5.1
086 344.0 353.1 346.8 360.0 w=2.8 h=6.9
087 347.3 354.8 352.1 360.1 w=4.8 h=5.3
088 356.1 354.8 361.9 360.1 w=5.8 h=5.3
089 362.2 354.8 367.0 360.1 w=4.8 h=5.3
090 367.5 353.1 370.3 360.0 w=2.8 h=6.9
091 370.8 352.5 376.6 360.1 w=5.8 h=7.6
092 315.1 378.6 323.0 385.7 w=7.9 h=7.1
093 323.0 380.6 327.9 385.8 w=4.8 h=5.3
094 328.5 380.6 333.2 385.8 w=4.8 h=5.3
095 333.8 378.7 337.6 385.8 w=3.9 h=7.1
096 337.3 380.7 343.3 388.2 w=6.0 h=7.6
097 343.4 378.2 346.2 385.7 w=2.8 h=7.5
098 350.2 378.4 357.1 385.9 w=6.9 h=7.5
099 357.9 380.6 363.0 385.8 w=5.1 h=5.3
100 363.0 378.6 370.9 385.7 w=7.9 h=7.1
101 396.4 432.8 403.3 440.3 w=6.9 h=7.5
102 404.2 432.8 411.7 440.3 w=7.5 h=7.5
103 412.4 438.6 415.2 442.3 w=2.8 h=3.7
104 275.4 411.1 283.2 418.3 w=7.7 h=7.1
105 287.2 411.0 294.7 418.5 w=7.5 h=7.5
106 283.7 416.7 286.5 420.4 w=2.8 h=3.7
107 64.5 188.4 71.0 195.6 w=6.5 h=7.2
108 71.3 190.4 77.1 195.7 w=5.8 h=5.3
109 77.2 188.6 81.1 195.7 w=3.9 h=7.1
110 81.2 188.6 85.0 195.7 w=3.9 h=7.1
111 84.7 190.5 90.7 198.0 w=6.0 h=7.6
112 94.4 190.4 100.2 195.7 w=5.8 h=5.3
113 100.5 190.4 105.3 195.7 w=4.8 h=5.3
114 105.8 188.7 108.6 195.6 w=2.8 h=6.9
115 109.1 188.0 114.9 195.7 w=5.8 h=7.6
116 115.6 190.4 120.3 195.7 w=4.7 h=5.3
117 124.4 190.4 130.2 195.7 w=5.8 h=5.3
118 130.3 190.4 136.9 195.6 w=6.6 h=5.2
119 137.4 188.0 143.3 195.7 w=5.8 h=7.6
120 147.1 189.6 152.6 198.1 w=5.5 h=8.5
121 152.8 188.0 155.6 195.6 w=2.8 h=7.5
122 155.5 190.5 161.5 198.0 w=6.0 h=7.6
123 161.8 190.4 166.6 195.7 w=4.8 h=5.3
124 167.3 190.4 172.0 195.7 w=4.8 h=5.3
125 172.5 190.4 177.0 195.6 w=4.5 h=5.2
126 177.4 190.4 182.6 195.7 w=5.1 h=5.3
127 183.1 188.0 185.9 195.6 w=2.8 h=7.5
128 128.0 292.8 135.6 300.0 w=7.6 h=7.1
129 136.3 293.1 139.1 300.0 w=2.8 h=6.9
130 139.4 292.5 146.0 300.0 w=6.5 h=7.5
131 145.9 294.9 151.9 302.5 w=6.0 h=7.6
132 152.2 292.5 158.0 300.1 w=5.8 h=7.6
133 158.5 294.8 163.0 300.0 w=4.5 h=5.2
134 163.4 294.8 168.6 300.1 w=5.1 h=5.3
135 168.8 294.9 175.0 300.0 w=6.2 h=5.1
136 174.6 294.9 180.6 302.5 w=6.0 h=7.6
137 183.4 292.8 191.3 300.0 w=7.9 h=7.1
138 191.4 294.8 196.2 300.1 w=4.8 h=5.3
139 196.8 294.8 201.6 300.1 w=4.8 h=5.3
140 202.1 293.0 206.0 300.1 w=3.9 h=7.1
141 206.3 294.8 211.4 300.1 w=5.1 h=5.3
142 212.0 294.8 218.6 300.0 w=6.6 h=5.2
143 219.1 294.8 223.9 300.1 w=4.8 h=5.3
144 227.8 292.8 234.0 300.0 w=6.1 h=7.1
145 234.2 292.5 240.8 300.0 w=6.5 h=7.5
146 241.4 294.8 246.5 300.1 w=5.1 h=5.3
147 247.3 294.8 252.0 300.1 w=4.7 h=5.3
148 252.5 294.8 258.4 302.4 w=5.9 h=7.6
149 259.0 292.5 265.6 300.0 w=6.5 h=7.5
150 266.1 294.8 271.9 300.1 w=5.8 h=5.3
151 272.0 293.0 275.9 300.1 w=3.9 h=7.1
152 276.2 294.8 281.0 300.1 w=4.8 h=5.3
153 314.2 292.4 321.9 300.0 w=7.7 h=7.5
154 322.3 292.3 325.1 299.8 w=2.8 h=7.5
155 325.0 294.7 331.0 302.3 w=6.0 h=7.6
156 331.3 294.6 336.1 299.9 w=4.8 h=5.3
157 336.8 294.6 341.5 299.9 w=4.8 h=5.3
158 342.0 294.6 346.5 299.8 w=4.5 h=5.2
159 346.8 294.6 352.6 299.9 w=5.8 h=5.3
160 352.8 292.3 355.5 299.8 w=2.8 h=7.5
161 356.1 292.3 361.9 299.9 w=5.8 h=7.6
162 362.6 294.6 367.4 299.9 w=4.8 h=5.3
163 367.9 292.3 374.4 299.8 w=6.5 h=7.5
164 374.4 294.7 380.4 302.3 w=6.0 h=7.6
165 380.7 292.3 386.5 299.9 w=5.8 h=7.6
166 387.2 294.6 391.9 299.9 w=4.8 h=5.3
167 396.0 292.4 401.6 300.0 w=5.6 h=7.5
168 402.6 296.7 405.8 297.3 w=3.2 h=0.6
169 406.5 294.6 412.4 302.2 w=5.9 h=7.6
170 413.0 292.3 419.6 299.8 w=6.5 h=7.5
171 420.1 294.6 425.3 299.9 w=5.1 h=5.3
172 426.1 294.6 430.7 299.9 w=4.7 h=5.3
173 431.3 294.6 437.2 302.2 w=5.9 h=7.6
174 437.8 292.3 444.4 299.8 w=6.5 h=7.5
175 444.9 294.6 450.7 299.9 w=5.8 h=5.3
176 450.8 292.8 454.7 299.9 w=3.9 h=7.1
177 455.0 294.6 459.8 299.9 w=4.8 h=5.3
178 231.7 263.7 238.2 270.8 w=6.5 h=7.2
179 238.3 265.6 242.8 270.8 w=4.5 h=5.2
180 242.9 265.7 249.5 270.9 w=6.6 h=5.2
181 250.2 265.6 255.1 270.9 w=4.8 h=5.3
182 255.5 263.8 259.4 270.9 w=3.9 h=7.1
183 259.7 265.6 264.8 270.9 w=5.1 h=5.3
184 265.6 265.6 270.3 270.9 w=4.7 h=5.3
185 271.0 265.6 275.8 270.9 w=4.8 h=5.3
186 281.1 263.7 284.7 270.8 w=3.6 h=7.2
187 286.9 269.6 288.3 272.0 w=1.4 h=2.4
188 289.8 263.5 295.5 271.0 w=5.7 h=7.5
189 299.2 263.3 305.3 270.9 w=6.1 h=7.6
190 305.9 264.0 308.7 270.8 w=2.8 h=6.9
191 309.3 265.6 314.0 270.9 w=4.7 h=5.3
192 314.5 265.6 320.4 273.2 w=5.9 h=7.6
193 321.0 263.3 327.6 270.8 w=6.5 h=7.5
194 328.1 265.6 333.3 270.9 w=5.1 h=5.3
195 334.1 265.6 338.7 270.9 w=4.7 h=5.3
196 339.3 265.6 345.2 273.2 w=5.9 h=7.6
197 345.8 263.3 352.4 270.8 w=6.5 h=7.5
198 352.9 265.6 358.7 270.9 w=5.8 h=5.3
199 358.8 263.8 362.7 270.9 w=3.9 h=7.1
200 363.0 265.6 367.8 270.9 w=4.8 h=5.3
201 430.5 149.0 436.6 156.1 w=6.1 h=7.1
202 436.9 150.9 441.4 156.1 w=4.5 h=5.2
203 441.8 150.9 446.9 156.2 w=5.1 h=5.3
204 447.5 149.1 451.3 156.2 w=3.9 h=7.1
205 451.6 150.9 456.4 156.2 w=4.8 h=5.3
206 456.9 149.2 459.7 156.1 w=2.8 h=6.9
207 460.1 150.9 466.7 156.1 w=6.6 h=5.2
208 467.2 150.9 471.9 156.2 w=4.7 h=5.3
209 157.9 118.7 450.6 144.5 w=292.8 h=25.8
212 296.2 174.8 301.5 179.6 w=5.3 h=4.8
214 447.6 174.9 452.9 179.7 w=5.3 h=4.8
216 296.4 212.2 301.7 217.0 w=5.3 h=4.8
218 296.1 238.4 301.4 243.2 w=5.3 h=4.8
220 341.6 310.2 346.9 315.0 w=5.3 h=4.8
222 341.5 327.1 346.8 331.8 w=5.3 h=4.8
224 341.4 343.9 346.7 348.7 w=5.3 h=4.8
226 341.2 369.6 346.5 374.4 w=5.3 h=4.8
228 341.1 395.9 346.4 400.7 w=5.3 h=4.8
230 153.9 177.7 159.2 182.4 w=5.3 h=4.8
232 153.8 221.3 159.1 226.1 w=5.3 h=4.8
234 152.4 263.6 157.7 268.4 w=5.3 h=4.8
236 295.7 253.0 301.0 257.8 w=5.3 h=4.8
238 295.0 279.2 300.3 284.0 w=5.3 h=4.8
239 135.2 145.1 180.8 161.7 w=45.6 h=16.6
240 261.4 145.1 342.0 161.6 w=80.6 h=16.6
241 259.2 179.4 339.9 206.8 w=80.6 h=27.3
242 60.1 183.6 192.2 201.2 w=132.0 h=17.7
243 414.0 179.5 491.2 196.5 w=77.2 h=17.0
244 425.9 145.0 476.1 161.6 w=50.2 h=16.6
246 301.9 292.7 306.7 298.0 w=4.8 h=5.3
248 288.7 298.1 293.5 303.4 w=4.8 h=5.3
249 89.0 201.5 299.0 383.5 w=210.1 h=182.0
250 298.6 380.8 303.4 386.1 w=4.8 h=5.3
251 388.7 196.5 467.2 357.1 w=78.5 h=160.6
252 384.4 354.5 389.2 359.8 w=4.8 h=5.3
253 329.2 413.5 336.8 420.7 w=7.6 h=7.2
254 336.7 415.5 341.2 420.7 w=4.5 h=5.2
255 341.6 415.5 346.3 420.8 w=4.8 h=5.3
256 346.6 413.1 352.7 420.8 w=6.1 h=7.6
257 353.6 415.5 358.3 420.8 w=4.7 h=5.3
258 359.3 413.3 360.2 415.9 w=0.9 h=2.5
259 332.7 427.7 337.5 432.9 w=4.8 h=5.3
260 337.5 427.8 343.5 435.3 w=6.0 h=7.6
261 343.8 427.7 348.7 432.9 w=4.8 h=5.3
262 349.1 425.3 351.9 432.8 w=2.8 h=7.5
263 352.4 427.7 357.2 432.9 w=4.8 h=5.3
264 321.5 400.9 369.8 447.1 w=48.3 h=46.2
265 370.3 423.1 389.8 440.5 w=19.5 h=17.3
266 388.8 435.4 394.1 440.5 w=5.3 h=5.1
267 301.9 409.7 321.5 427.1 w=19.5 h=17.3
268 297.7 409.7 302.9 414.8 w=5.3 h=5.1
