FIG 12_1 page=4 drawing_union= None
words in/near region:
  (297.8, 132.3, 315.4, 142.8, 'two')
  (298.6, 258.3, 308.9, 268.8, 'In')
  (298.6, 300.3, 314.8, 310.8, 'the')
  (298.6, 370.3, 318.9, 380.8, 'and')
  (298.6, 440.2, 319.9, 450.7, 'that')
  (298.6, 482.2, 308.8, 492.7, 'to')
  (298.6, 510.3, 316.1, 520.8, 'two')
  (298.6, 524.2, 308.4, 534.7, 'to')
  (312.6, 524.2, 318.7, 534.7, 'a')
  (102.2, 157.2, 134.4, 165.2, 'Glucose')
  (110.6, 165.1, 126.5, 173.1, '(6C)')
  (76.3, 190.1, 161.8, 198.1, 'Glucose-6-phosphate')
  (111.1, 198.2, 127.0, 206.2, '(6C)')
  (77.8, 224.1, 166.3, 232.1, 'Fructose-6-phosphate')
  (114.2, 232.1, 130.1, 240.1, '(6C)')
  (70.8, 259.2, 113.4, 267.2, 'Fructose1,')
  (117.5, 259.2, 179.5, 267.2, '6-bisphosphate')
  (117.4, 267.1, 133.2, 275.1, '(6C)')
  (85.2, 294.5, 109.3, 302.5, 'Triose')
  (113.4, 294.5, 155.0, 302.5, 'phosphate')
  (64.6, 304.1, 175.7, 312.1, '(glyceraldehyde-3-phosphate)')
  (112.3, 313.7, 128.2, 321.7, '(3C)')
  (210.5, 291.3, 234.6, 299.3, 'Triose')
  (238.6, 291.3, 280.3, 299.3, 'phosphate')
  (206.6, 300.9, 249.7, 308.9, '(Dihydroxy')
  (253.7, 300.9, 283.9, 308.9, 'acetone')
  (223.2, 310.5, 267.4, 318.5, 'phosphate)')
  (237.6, 320.1, 253.4, 328.1, '(3C)')
  (76.3, 346.5, 81.3, 354.5, '2')
  (85.0, 346.5, 89.8, 354.5, '×')
  (93.5, 346.5, 116.9, 354.5, 'Triose')
  (120.6, 346.5, 172.3, 354.5, 'bisphosphate')
  (65.5, 356.1, 80.6, 364.1, '(1,3')
  (84.6, 356.1, 160.5, 364.1, 'bisphosphoglyceric')
  (164.5, 356.1, 183.4, 364.1, 'acid)')
  (116.4, 365.7, 132.2, 373.7, '(3C)')
  (79.4, 402.2, 84.4, 410.2, '2')
  (88.0, 402.2, 92.8, 410.2, '×')
  (96.5, 402.2, 119.7, 410.2, 'Triose')
  (123.3, 402.2, 163.4, 410.2, 'phosphate')
  (72.7, 411.8, 147.4, 419.8, '(3-phosphoglyceric')
  (151.4, 411.8, 170.2, 419.8, 'acid)')
  (113.5, 421.4, 129.4, 429.4, '(3C)')
  (72.5, 461.3, 77.4, 469.3, '2')
  (81.2, 461.3, 86.0, 469.3, '×')
  (89.7, 461.3, 165.4, 469.3, '2-phosphoglycerate')
  (72.2, 507.1, 77.2, 515.1, '2')
  (80.9, 507.1, 85.7, 515.1, '×')
  (89.5, 507.1, 172.8, 515.1, 'phosphoenolpyruvate')
  (85.0, 549.1, 89.9, 557.1, '2')
  (93.4, 549.1, 98.2, 557.1, '×')
  (101.6, 549.1, 129.7, 557.1, 'Pyruvic')
  (133.1, 549.1, 148.8, 557.1, 'acid')
  (109.0, 558.7, 124.8, 566.7, '(3C)')
  (78.2, 520.3, 95.5, 528.3, 'ADP')
  (75.1, 388.5, 91.0, 396.5, 'ATP')
  (80.2, 375.3, 97.4, 383.3, 'ADP')
  (82.1, 236.6, 97.9, 244.6, 'ATP')
  (80.2, 248.6, 97.4, 256.6, 'ADP')
  (84.0, 170.6, 99.8, 178.6, 'ATP')
  (82.3, 181.7, 99.6, 189.7, 'ADP')
  (139.0, 332.4, 178.6, 341.6, 'NADH+H+')
  (135.8, 317.5, 156.7, 326.7, 'NAD+')
  (74.6, 489.1, 91.1, 498.5, 'H2O')
  (78.0, 530.1, 93.8, 538.1, 'ATP')
  (95.3, 586.4, 127.1, 595.9, 'Figure')
  (131.4, 586.4, 153.6, 595.9, '12.1')
  (165.3, 586.4, 191.0, 595.9, 'Steps')
  (194.9, 586.4, 203.2, 595.9, 'of')
  (207.1, 586.4, 251.3, 595.9, 'glycolysis')
FIG 12_2 page=5 drawing_union= (281.6708679199219, 396.052978515625, 512.8463745117188, 642.5738525390625)
words in/near region:
  (253.9, 282.5, 273.3, 293.0, 'The')
  (278.7, 282.5, 327.5, 293.0, 'enzymes,')
  (333.0, 282.5, 372.3, 293.0, 'pyruvic')
  (377.7, 282.5, 399.6, 293.0, 'acid')
  (248.4, 296.9, 288.7, 307.4, 'catalyse')
  (290.9, 296.9, 317.5, 307.4, 'these')
  (319.7, 296.9, 368.6, 307.4, 'reactions.')
  (370.8, 296.9, 399.6, 307.4, 'Other')
  (261.6, 311.5, 282.7, 322.0, 'acid')
  (285.1, 311.5, 308.8, 322.0, 'from')
  (311.2, 311.5, 349.0, 322.0, 'pyruvic')
  (351.4, 311.5, 375.8, 322.0, 'acid.')
  (380.8, 311.5, 399.6, 322.0, 'The')
  (251.7, 325.9, 286.2, 336.4, 'animal')
  (288.5, 325.9, 310.6, 336.4, 'cells')
  (312.8, 325.9, 336.2, 336.4, 'also,')
  (338.4, 325.9, 356.2, 336.4, 'like')
  (358.5, 325.9, 399.6, 336.4, 'muscles')
  (252.7, 340.6, 266.1, 351.1, 'for')
  (268.2, 340.6, 304.9, 351.1, 'cellular')
  (307.0, 340.6, 360.8, 351.1, 'respiration')
  (362.9, 340.6, 399.6, 351.1, 'pyruvic')
  (244.8, 355.0, 324.8, 365.5, 'dehydrogenase.')
  (332.1, 355.0, 351.0, 365.5, 'The')
  (354.7, 355.0, 399.6, 365.5, 'reducing')
  (242.1, 369.3, 268.9, 379.9, 'NAD+')
  (249.6, 413.1, 268.8, 423.6, 'less')
  (260.2, 427.5, 268.8, 438.0, 'is')
  (245.8, 442.1, 268.8, 452.6, 'high')
  (252.5, 456.5, 268.7, 467.0, 'are')
  (249.3, 499.9, 268.8, 510.4, 'and')
  (260.1, 529.0, 268.8, 539.5, 'is')
  (250.6, 558.0, 268.8, 568.5, 'the')
  (252.3, 572.4, 268.8, 582.9, 'per')
  (247.0, 601.5, 269.0, 612.0, 'that')
  (246.6, 601.5, 268.6, 612.0, 'that')
  (247.0, 601.1, 269.0, 611.6, 'that')
  (246.6, 601.1, 268.6, 611.6, 'that')
  (246.8, 601.3, 268.8, 611.8, 'that')
  (241.0, 616.1, 268.8, 626.6, 'think')
  (288.7, 652.7, 321.0, 662.2, 'Figure')
  (326.2, 652.7, 348.7, 662.2, '12.2')
  (354.7, 652.6, 381.5, 662.1, 'Major')
  (386.1, 652.6, 430.7, 662.1, 'pathways')
  (435.4, 652.6, 443.8, 662.1, 'of')
  (448.4, 652.6, 494.2, 662.1, 'anaerobic')
  (354.7, 663.9, 408.0, 673.4, 'respiration')
FIG 12_3 page=7 drawing_union= (320.52239990234375, 122.539794921875, 470.3831481933594, 315.07684326171875)
words in/near region:
  (485.8, 63.0, 507.6, 74.0, '159')
  (256.1, 118.6, 265.9, 129.2, 'to')
  (249.8, 133.0, 265.9, 143.6, 'the')
  (259.8, 147.6, 265.9, 158.2, 'a')
  (245.8, 162.0, 254.6, 172.6, 'is')
  (259.8, 162.0, 265.9, 172.6, 'a')
  (249.3, 191.0, 265.9, 201.7, 'the')
  (242.8, 205.7, 266.0, 216.3, 'ADP.')
  (245.6, 249.1, 265.9, 259.7, 'The')
  (244.5, 263.5, 265.9, 274.1, 'TCA')
  (256.8, 278.2, 265.9, 288.8, 'of')
  (256.6, 307.0, 265.9, 317.6, 'of')
  (246.1, 336.0, 265.9, 346.6, 'this')
  (306.5, 346.9, 338.4, 356.4, 'Figure')
  (342.6, 346.9, 364.8, 356.4, '12.3')
  (376.3, 346.8, 393.7, 356.4, 'The')
  (397.6, 346.8, 423.4, 356.4, 'Citric')
  (427.3, 346.8, 446.8, 356.4, 'acid')
  (450.6, 346.8, 473.8, 356.4, 'cycle')
  (369.1, 103.2, 404.4, 111.3, 'Pyruvate')
  (379.0, 112.8, 394.8, 120.9, '(3C)')
  (353.0, 151.2, 376.9, 159.3, 'Acetyl')
  (380.0, 151.2, 418.5, 159.3, 'coenzyme')
  (421.7, 151.2, 427.2, 159.3, 'A')
  (382.3, 160.8, 398.2, 168.9, '(2C)')
  (406.1, 200.1, 427.8, 208.2, 'Citric')
  (430.9, 200.1, 447.4, 208.2, 'acid')
  (419.0, 208.0, 434.9, 216.1, '(6C)')
  (316.8, 192.2, 362.4, 200.3, 'Oxaloacetic')
  (365.7, 192.2, 382.1, 200.3, 'acid')
  (341.5, 200.1, 357.4, 208.2, '(4C)')
  (463.7, 207.1, 479.7, 216.5, 'CO2')
  (468.7, 216.5, 489.6, 225.7, 'NAD+')
  (475.4, 228.5, 509.1, 237.7, 'NADH+H+')
  (279.6, 206.1, 313.2, 215.4, 'NADH+H+')
  (295.7, 222.5, 316.6, 231.7, 'NAD+')
  (463.7, 276.5, 484.6, 285.7, 'NAD+')
  (466.8, 267.1, 482.5, 276.5, 'CO2')
  (354.7, 259.6, 383.1, 267.7, 'CITRIC')
  (386.9, 259.6, 407.7, 267.7, 'ACID')
  (411.5, 259.6, 439.4, 267.7, 'CYCLE')
  (422.2, 237.2, 477.7, 247.1, 'α-ketoglutaric')
  (480.6, 239.0, 497.0, 247.1, 'acid')
  (451.7, 248.6, 467.5, 256.7, '(5C)')
  (469.4, 290.4, 503.1, 299.7, 'NADH+H+')
  (448.1, 301.6, 466.8, 309.7, 'GDP')
  (446.2, 313.6, 462.5, 321.7, 'GTP')
  (363.1, 300.0, 396.9, 308.1, 'Succinic')
  (400.0, 300.0, 416.4, 308.1, 'acid')
  (381.8, 309.6, 397.7, 317.7, '(4C)')
  (303.4, 250.0, 324.7, 258.1, 'Malic')
  (327.5, 250.0, 343.9, 258.1, 'acid')
  (315.8, 259.6, 331.7, 267.7, '(4C)')
  (290.4, 284.6, 317.4, 293.8, 'FADH2')
  (307.0, 298.9, 327.2, 308.8, 'FAD+')
  (348.2, 120.2, 364.1, 128.3, 'CoA')
  (403.2, 118.1, 424.1, 127.3, 'NAD+')
  (409.7, 132.9, 443.3, 142.2, 'NADH+H+')
  (412.1, 143.2, 427.8, 152.4, 'CO2')
FIG 12_4 page=8 drawing_union= None
words in/near region:
  (67.0, 63.1, 88.8, 74.1, '160')
  (331.9, 130.6, 345.2, 141.1, 'an')
  (331.9, 195.6, 342.3, 206.1, 'II)')
  (331.9, 299.5, 344.2, 310.0, 'as')
  (331.9, 349.3, 338.0, 359.8, 'a')
  (331.9, 391.4, 348.6, 402.0, 'the')
  (331.9, 418.1, 348.5, 428.6, 'the')
  (331.9, 471.1, 341.3, 481.6, 'of')
  (331.9, 511.0, 341.3, 521.5, 'of')
  (77.3, 545.2, 109.2, 554.7, 'Figure')
  (113.9, 545.2, 136.1, 554.7, '12.4')
  (140.1, 545.1, 179.6, 554.6, 'Electron')
  (183.9, 545.1, 230.4, 554.6, 'Transport')
  (234.6, 545.1, 269.0, 554.6, 'System')
  (273.3, 545.1, 298.3, 554.6, '(ETS)')
FIG 12_5 page=9 drawing_union= None
words in/near region:
  (257.2, 134.9, 267.6, 148.0, 'F1')
  (261.4, 150.0, 267.6, 160.6, 'a')
  (251.0, 210.0, 267.6, 220.6, 'the')
  (258.5, 254.9, 267.6, 265.5, 'of')
  (256.9, 284.9, 267.6, 298.0, 'F0')
  (289.4, 303.7, 321.3, 313.2, 'Figure')
  (326.3, 303.7, 348.5, 313.2, '12.5')
  (357.4, 303.6, 414.9, 313.2, 'Diagramatic')
  (419.4, 303.6, 478.6, 313.2, 'presentation')
  (483.1, 303.6, 491.6, 313.2, 'of')
  (496.0, 303.6, 514.6, 313.2, 'ATP')
  (355.4, 314.9, 400.3, 324.5, 'synthesis')
  (404.9, 314.9, 414.2, 324.5, 'in')
  (418.9, 314.9, 482.2, 324.5, 'mitochondria')
FIG 12_6 page=11 drawing_union= (47.23855209350586, 102.38641357421875, 506.1931457519531, 456.3109130859375)
words in/near region:
  (63.8, 62.3, 119.3, 73.3, 'RESPIRATION')
  (121.7, 64.8, 129.8, 72.5, 'IN')
  (132.4, 62.3, 164.4, 73.3, 'PLANTS')
  (485.8, 63.0, 507.6, 74.0, '163')
  (70.3, 468.3, 102.6, 477.8, 'Figure')
  (107.8, 468.3, 130.3, 477.8, '12.6')
  (136.3, 468.3, 223.6, 477.8, 'Interrelationship')
  (229.4, 468.3, 262.9, 477.8, 'among')
  (268.7, 468.3, 318.3, 477.8, 'metabolic')
  (324.1, 468.3, 372.6, 477.8, 'pathways')
  (378.4, 468.3, 420.1, 477.8, 'showing')
  (425.9, 468.3, 482.4, 477.8, 'respiration')
  (136.3, 479.6, 178.9, 489.1, 'mediated')
  (183.0, 479.6, 234.3, 489.1, 'breakdown')
  (238.3, 479.6, 246.7, 489.1, 'of')
  (250.7, 479.6, 289.5, 489.1, 'different')
  (293.6, 479.6, 327.8, 489.1, 'organic')
  (331.8, 479.6, 378.0, 489.1, 'molecules')
  (382.1, 479.6, 391.0, 489.1, 'to')
  (395.1, 479.6, 413.3, 491.4, 'CO2')
  (417.3, 479.6, 435.0, 489.1, 'and')
  (439.0, 479.6, 455.9, 491.4, 'H20')
